instance  n  optimum  gap_mean  gap_std  gap_best  hit_rate  time_mean     best
   nug12 12      578     0.000    0.000       0.0     1.000      2.356    578.0
  chr12a 12     9552     0.190    1.040       0.0     0.967      2.550   9552.0
   had12 12     1652     0.000    0.000       0.0     1.000      2.225   1652.0
  tai12a 12   224416     0.000    0.000       0.0     1.000      2.397 224416.0
  esc16a 16       68     0.000    0.000       0.0     1.000      2.416     68.0
   had20 20     6922     0.000    0.000       0.0     1.000      2.764   6922.0
   nug20 20     2570     0.005    0.028       0.0     0.967      3.175   2570.0
  tai20a 20   703482     0.798    0.409       0.0     0.067      4.875 703482.0
  kra30a 30    88900     0.847    0.766       0.0     0.433      4.907  88900.0
   nug30 30     6124     0.194    0.220       0.0     0.167      5.009   6124.0
